2.65388524
1.9169895270000001
3.06861414
2.41816194
3.2916032399999997
1.9309379400000002
1.8503083309999997
1.6506292080000002
1.9545114860000001
2.1596164499999997
2.3052654400000003
2.221352796
1.7667125240000001
1.722596261
2.6472158799999996
1.9530757390000002
2.13372721
1.9072519589999999
2.0882727699999997
2.9680081899999995
2.06537947
2.4886369000000004
1.92832328
2.9226188199999994
1.607068565
1.612139841
1.784791886
1.929122396
2.14401757
1.699431801
1.678394862
1.9433121840000003
1.7058917609999997
1.5334924760000002
1.395948115
3.1564993899999996
1.4154485019999998
1.4804138319999998
1.5141247249999998
1.7785934300000001
1.1716628180000002
2.60582534
1.1708288629999999
1.478986834
1.476909678
2.0762182800000004
1.686088544
1.509142238
2.17267464
1.6363948400000001
2.1284824
3.19479507
1.177509511
1.9159873900000002
1.9269390899999999
1.8276666000000001
1.57684613
1.3905462899999999
1.0737917119999998
1.290338533
1.58655577
1.57508997
1.5626894400000002
1.3168965639999999
2.1838567579999997
2.32377053
2.13308725
1.8344191000000003
2.0780004800000005
1.292886686
2.6079214400000006
1.5531721200000002
1.4352947280000001
1.9259540639999997
2.738748349999999
2.3305521500000004
5.872798810000001
2.58869301
2.3071145599999996
1.6480817399999999
1.9303864000000002
1.5784447200000007
1.72230204
2.4154642199999996
2.7847477400000002
2.05102986
1.64307348
2.21514999
1.2710571400000001
1.7402648099999998
1.77891945
